As,as,s,topic_13,0,freq2,0,ig5,0,sal3,0
the,the,s,topic_21,0,freq1,0,ig5,0,sal2,0
movie,movie,s,topic_45,0,freq2,0,ig5,0,sal5,0
opens,opens,,topic_15,0,freq4,0,ig5,0,sal4,0
",",",",s
Detroit,detroit,s,topic_27,0,freq3,0,ig5,0,sal3,0
BATF,batf,s,topic_27,0,freq4,0,ig1,0,sal4,0
Agent,agent,s,topic_27,0,freq3,0,ig5,0,sal4,0
Derrick,derrick,s,topic_27,0,freq3,0,ig1,0,sal3,0
Vann,vann,s,topic_27,0,freq3,0,ig1,0,sal2,0
(,(,
Samuel,samuel,s,topic_27,0,freq2,0,ig1,0,sal2,0
L,l,,topic_27,0,freq2,0,ig1,0,sal2,0
.,.,s
Jackson,jackson,,topic_27,0,freq1,0,ig1,0,sal1,0
),),s
is,is,s,topic_10,0,freq2,0,ig5,0,sal3,0
having,having,s,topic_36,0,freq4,0,ig5,0,sal3,0
a,a,s,topic_22,0,freq1,0,ig5,0,sal3,0
really,really,s,topic_20,0,freq4,0,ig5,0,sal5,0
bad,bad,s,topic_1,0,freq4,0,ig5,0,sal5,0
day,day,,topic_10,0,freq5,0,ig5,0,sal5,0
.,.,s
His,his,s,topic_22,0,freq1,0,ig5,0,sal1,0
partner,partner,s,topic_27,0,freq3,0,ig5,0,sal3,0
has,has,s,topic_1,0,freq4,0,ig5,0,sal5,0
been,been,s,topic_19,0,freq3,0,ig5,0,sal3,0
murdered,murdered,,topic_36,0,freq5,0,ig5,0,sal2,0
",",",",s
and,and,s,topic_48,0,freq1,0,ig5,0,sal5,0
he's,he's,s,topic_22,0,freq4,0,ig5,0,sal2,0
a,a,s,topic_22,0,freq1,0,ig5,0,sal3,0
suspect,suspect,,topic_20,0,freq5,0,ig4,0,sal2,0
.,.,s
A,a,s,topic_45,0,freq1,0,ig5,0,sal5,0
storehouse,storehouse,s,topic_20,0,freq5,0,ig3,0,sal5,0
of,of,s,topic_10,0,freq2,0,ig5,0,sal2,0
firearms,firearms,s,topic_27,0,freq4,0,ig5,0,sal4,0
has,has,s,topic_22,0,freq3,0,ig5,0,sal4,0
been,been,s,topic_10,0,freq4,0,ig5,0,sal3,0
stolen,stolen,s,topic_45,0,freq4,0,ig4,0,sal2,0
from,from,s,topic_45,0,freq2,0,ig5,0,sal5,0
the,the,s,topic_29,0,freq1,0,ig5,0,sal5,0
evidence,evidence,s,topic_3,0,freq3,0,ig5,0,sal3,0
locker,locker,,topic_48,0,freq5,0,ig3,0,sal5,0
",",",",s
and,and,s,topic_13,0,freq1,0,ig5,0,sal5,0
he's,he's,s,topic_22,0,freq4,0,ig5,0,sal2,0
a,a,s,topic_1,0,freq1,0,ig5,0,sal2,0
suspect,suspect,,topic_20,0,freq5,0,ig4,0,sal2,0
.,.,s
Internal,internal,s,topic_22,0,freq5,0,ig5,0,sal5,0
affairs,affairs,s,topic_27,0,freq4,0,ig5,0,sal4,0
officers,officers,s,topic_3,0,freq4,0,ig5,0,sal3,0
(,(,
headed,headed,s,topic_36,0,freq5,0,ig5,0,sal4,0
up,up,s,topic_20,0,freq3,0,ig5,0,sal3,0
by,by,s,topic_22,0,freq3,0,ig5,0,sal3,0
actor,actor,s,topic_22,0,freq4,0,ig5,0,sal1,0
Miguel,miguel,s,topic_27,0,freq4,0,ig1,0,sal3,0
Ferrar,ferrar,,topic_20,0,freq5,0,ig3,0,sal5,0
),),s
issue,issue,s,topic_10,0,freq5,0,ig5,0,sal5,0
warnings,warnings,s,topic_45,0,freq5,0,ig1,0,sal3,0
and,and,s,topic_42,0,freq2,0,ig5,0,sal5,0
ultimatums,ultimatums,,topic_13,0,freq5,0,ig3,0,sal5,0
.,.,s
And,and,s,topic_27,0,freq1,0,ig5,0,sal5,0
his,his,s,topic_15,0,freq1,0,ig5,0,sal1,0
lieutenant,lieutenant,s,topic_3,0,freq4,0,ig5,0,sal2,0
(,(,
Susie,susie,s,topic_27,0,freq4,0,ig1,0,sal4,0
Essman,essman,,topic_10,0,freq5,0,ig5,0,sal5,0
),),s
is,is,s,topic_22,0,freq2,0,ig5,0,sal5,0
none,none,s,topic_10,0,freq5,0,ig5,0,sal3,0
too,too,s,topic_20,0,freq3,0,ig5,0,sal2,0
happy,happy,s,topic_18,0,freq3,0,ig5,0,sal5,0
about,about,s,topic_20,0,freq2,0,ig5,0,sal3,0
any,any,s,topic_20,0,freq4,0,ig5,0,sal5,0
of,of,s,topic_10,0,freq2,0,ig5,0,sal2,0
these,these,s,topic_29,0,freq2,0,ig5,0,sal2,0
things,things,,topic_20,0,freq4,0,ig5,0,sal4,0
.,.,s
Vann,vann,s,topic_27,0,freq3,0,ig1,0,sal2,0
isn't,isn't,,topic_1,0,freq3,0,ig5,0,sal2,0
",",",",s
either,either,,topic_20,0,freq4,0,ig5,0,sal3,0
",",",",s
but,but,s,topic_22,0,freq3,0,ig5,0,sal5,0
at,at,s,topic_20,0,freq2,0,ig5,0,sal4,0
least,least,s,topic_10,0,freq4,0,ig5,0,sal1,0
he,he,s,topic_22,0,freq2,0,ig5,0,sal1,0
decides,decides,s,topic_36,0,freq4,0,ig4,0,sal1,0
to,to,s,topic_21,0,freq2,0,ig5,0,sal5,0
try,try,s,topic_42,0,freq5,0,ig5,0,sal5,0
to,to,s,topic_36,0,freq1,0,ig5,0,sal1,0
do,do,s,topic_42,0,freq4,0,ig5,0,sal5,0
something,something,s,topic_20,0,freq3,0,ig5,0,sal1,0
about,about,s,topic_21,0,freq4,0,ig5,0,sal5,0
it,it,,topic_19,0,freq1,0,ig5,0,sal2,0
.,.,
<,<,
br,br,s,topic_10,0,freq1,0,ig5,0,sal1,0
/,/,
>,>,
<,<,
br,br,s,topic_10,0,freq1,0,ig5,0,sal1,0
/,/,
>,>,
Meanwhile,meanwhile,,topic_45,0,freq5,0,ig5,0,sal5,0
",",",",s
a,a,s,topic_10,0,freq1,0,ig5,0,sal2,0
few,few,s,topic_10,0,freq5,0,ig5,0,sal5,0
hundred,hundred,s,topic_27,0,freq5,0,ig5,0,sal5,0
miles,miles,s,topic_10,0,freq5,0,ig5,0,sal5,0
to,to,s,topic_10,0,freq2,0,ig5,0,sal5,0
the,the,s,topic_13,0,freq1,0,ig5,0,sal3,0
west,west,s,topic_25,0,freq2,0,ig5,0,sal3,0
in,in,s,topic_19,0,freq3,0,ig5,0,sal5,0
the,the,s,topic_10,0,freq1,0,ig5,0,sal2,0
great,great,s,topic_42,0,freq4,0,ig5,0,sal4,0
state,state,s,topic_15,0,freq4,0,ig5,0,sal5,0
of,of,s,topic_22,0,freq1,0,ig5,0,sal3,0
Wisconsin,wisconsin,,topic_27,0,freq5,0,ig2,0,sal4,0
",",",",s
dental,dental,s,topic_27,0,freq3,0,ig1,0,sal3,0
equipment,equipment,s,topic_3,0,freq3,0,ig5,0,sal2,0
salesman,salesman,s,topic_27,0,freq3,0,ig1,0,sal2,0
Andy,andy,s,topic_27,0,freq2,0,ig5,0,sal2,0
Fidler,fidler,s,topic_27,0,freq4,0,ig1,0,sal3,0
(,(,
Eugene,eugene,s,topic_27,0,freq2,0,ig1,0,sal1,0
Levy,levy,,topic_27,0,freq1,0,ig1,0,sal1,0
),),s
is,is,s,topic_45,0,freq1,0,ig5,0,sal5,0
preparing,preparing,s,topic_3,0,freq4,0,ig5,0,sal3,0
to,to,s,topic_20,0,freq1,0,ig5,0,sal3,0
give,give,s,topic_20,0,freq4,0,ig5,0,sal3,0
a,a,s,topic_20,0,freq1,0,ig5,0,sal5,0
major,major,s,topic_10,0,freq5,0,ig5,0,sal5,0
speech,speech,s,topic_27,0,freq4,0,ig5,0,sal5,0
at,at,s,topic_20,0,freq2,0,ig5,0,sal4,0
a,a,s,topic_42,0,freq2,0,ig5,0,sal5,0
sales,sales,s,topic_27,0,freq4,0,ig1,0,sal4,0
convention,convention,s,topic_48,0,freq4,0,ig5,0,sal2,0
to,to,s,topic_20,0,freq1,0,ig5,0,sal3,0
be,be,s,topic_42,0,freq3,0,ig5,0,sal5,0
held,held,s,topic_10,0,freq5,0,ig5,0,sal4,0
in,in,s,topic_10,0,freq2,0,ig5,0,sal3,0
(,(,
what,what,s,topic_42,0,freq4,0,ig5,0,sal5,0
a,a,s,topic_19,0,freq2,0,ig5,0,sal5,0
surprise,surprise,,topic_10,0,freq5,0,ig5,0,sal5,0
),),s
Detroit,detroit,,topic_27,0,freq3,0,ig5,0,sal3,0
.,.,s
His,his,s,topic_36,0,freq3,0,ig5,0,sal5,0
speech,speech,s,topic_27,0,freq4,0,ig5,0,sal5,0
is,is,s,topic_10,0,freq2,0,ig5,0,sal3,0
in,in,s,topic_22,0,freq2,0,ig5,0,sal2,0
fine,fine,s,topic_22,0,freq4,0,ig5,0,sal2,0
order,order,s,topic_15,0,freq3,0,ig5,0,sal3,0
and,and,s,topic_27,0,freq1,0,ig5,0,sal5,0
his,his,s,topic_22,0,freq1,0,ig5,0,sal1,0
flight,flight,s,topic_29,0,freq3,0,ig5,0,sal1,0
is,is,s,topic_22,0,freq2,0,ig5,0,sal5,0
uneventful,uneventful,,topic_45,0,freq5,0,ig5,0,sal4,0
.,.,s
But,but,s,topic_10,0,freq3,0,ig5,0,sal3,0
when,when,s,topic_20,0,freq4,0,ig5,0,sal5,0
Andy,andy,s,topic_27,0,freq2,0,ig5,0,sal2,0
arrives,arrives,s,topic_36,0,freq5,0,ig1,0,sal1,0
in,in,s,topic_10,0,freq2,0,ig5,0,sal3,0
Detroit,detroit,,topic_27,0,freq3,0,ig5,0,sal3,0
",",",",s
his,his,s,topic_15,0,freq1,0,ig5,0,sal1,0
simple,simple,s,topic_15,0,freq3,0,ig5,0,sal5,0
decision,decision,s,topic_27,0,freq4,0,ig5,0,sal5,0
to,to,s,topic_22,0,freq2,0,ig5,0,sal5,0
get,get,s,topic_42,0,freq3,0,ig5,0,sal3,0
a,a,s,topic_22,0,freq1,0,ig5,0,sal3,0
bite,bite,s,topic_36,0,freq5,0,ig4,0,sal3,0
to,to,s,topic_13,0,freq2,0,ig5,0,sal5,0
eat,eat,s,topic_20,0,freq5,0,ig5,0,sal5,0
lands,lands,s,topic_27,0,freq5,0,ig2,0,sal4,0
him,him,s,topic_22,0,freq3,0,ig5,0,sal2,0
right,right,s,topic_20,0,freq4,0,ig5,0,sal3,0
in,in,s,topic_22,0,freq2,0,ig5,0,sal2,0
the,the,s,topic_22,0,freq1,0,ig5,0,sal4,0
middle,middle,s,topic_10,0,freq5,0,ig5,0,sal1,0
of,of,s,topic_45,0,freq1,0,ig5,0,sal5,0
the,the,s,topic_10,0,freq1,0,ig5,0,sal2,0
sting,sting,s,topic_27,0,freq4,0,ig1,0,sal3,0
operation,operation,s,topic_27,0,freq4,0,ig5,0,sal4,0
Vann,vann,s,topic_27,0,freq3,0,ig1,0,sal2,0
has,has,s,topic_21,0,freq3,0,ig5,0,sal3,0
set,set,s,topic_22,0,freq4,0,ig5,0,sal4,0
up,up,s,topic_22,0,freq4,0,ig5,0,sal5,0
in,in,s,topic_27,0,freq1,0,ig5,0,sal5,0
an,an,s,topic_10,0,freq3,0,ig5,0,sal4,0
attempt,attempt,s,topic_45,0,freq4,0,ig5,0,sal3,0
to,to,s,topic_10,0,freq2,0,ig5,0,sal5,0
get,get,s,topic_42,0,freq3,0,ig5,0,sal3,0
the,the,s,topic_48,0,freq1,0,ig5,0,sal5,0
guns,guns,s,topic_18,0,freq4,0,ig5,0,sal4,0
back,back,,topic_36,0,freq3,0,ig5,0,sal1,0
",",",",s
nab,nab,s,topic_27,0,freq5,0,ig3,0,sal5,0
his,his,s,topic_15,0,freq1,0,ig5,0,sal1,0
partner's,partner's,s,topic_27,0,freq5,0,ig5,0,sal5,0
real,real,s,topic_45,0,freq3,0,ig5,0,sal5,0
killer,killer,,topic_45,0,freq4,0,ig5,0,sal4,0
",",",",s
and,and,s,topic_45,0,freq2,0,ig5,0,sal5,0
clear,clear,s,topic_21,0,freq5,0,ig5,0,sal5,0
his,his,s,topic_15,0,freq1,0,ig5,0,sal1,0
own,own,s,topic_19,0,freq5,0,ig5,0,sal5,0
name,name,,topic_22,0,freq4,0,ig5,0,sal2,0
.,.,
<,<,
br,br,s,topic_10,0,freq1,0,ig5,0,sal1,0
/,/,
>,>,
<,<,
br,br,s,topic_10,0,freq1,0,ig5,0,sal1,0
/,/,
>,>,
Fidler,fidler,,topic_27,0,freq4,0,ig1,0,sal3,0
",",",",s
who,who,s,topic_22,0,freq3,0,ig5,0,sal2,0
innocently,innocently,s,topic_27,0,freq5,0,ig5,0,sal5,0
exhibits,exhibits,s,topic_19,0,freq5,0,ig1,0,sal4,0
the,the,s,topic_36,0,freq1,0,ig5,0,sal3,0
signs,signs,s,topic_10,0,freq5,0,ig1,0,sal2,0
a,a,s,topic_42,0,freq2,0,ig5,0,sal5,0
go-between,go-between,s,topic_22,0,freq5,0,ig3,0,sal5,0
is,is,s,topic_1,0,freq1,0,ig5,0,sal4,0
looking,looking,s,topic_20,0,freq4,0,ig5,0,sal4,0
for,for,,topic_22,0,freq3,0,ig5,0,sal3,0
",",",",s
ends,ends,s,topic_20,0,freq5,0,ig5,0,sal4,0
up,up,s,topic_19,0,freq3,0,ig5,0,sal5,0
in,in,s,topic_15,0,freq2,0,ig5,0,sal5,0
possession,possession,s,topic_13,0,freq5,0,ig5,0,sal5,0
of,of,s,topic_45,0,freq1,0,ig5,0,sal5,0
one,one,s,topic_19,0,freq2,0,ig5,0,sal4,0
of,of,s,topic_10,0,freq2,0,ig5,0,sal2,0
the,the,s,topic_48,0,freq1,0,ig5,0,sal5,0
stolen,stolen,s,topic_45,0,freq4,0,ig4,0,sal2,0
firearms,firearms,,topic_27,0,freq4,0,ig5,0,sal4,0
.,.,s
Worse,worse,,topic_45,0,freq4,0,ig5,0,sal2,0
",",",",s
the,the,s,topic_10,0,freq1,0,ig5,0,sal2,0
bad,bad,s,topic_45,0,freq1,0,ig5,0,sal1,0
guys,guys,s,topic_22,0,freq5,0,ig5,0,sal5,0
now,now,s,topic_45,0,freq4,0,ig5,0,sal5,0
think,think,s,topic_20,0,freq4,0,ig5,0,sal5,0
he's,he's,s,topic_22,0,freq4,0,ig5,0,sal2,0
their,their,s,topic_20,0,freq3,0,ig5,0,sal4,0
buyer,buyer,,topic_27,0,freq4,0,ig1,0,sal4,0
.,.,s
Vann,vann,s,topic_27,0,freq3,0,ig1,0,sal2,0
knows,knows,s,topic_36,0,freq4,0,ig5,0,sal3,0
he,he,s,topic_22,0,freq2,0,ig5,0,sal1,0
has,has,s,topic_22,0,freq3,0,ig5,0,sal4,0
only,only,s,topic_42,0,freq4,0,ig5,0,sal5,0
one,one,s,topic_21,0,freq3,0,ig5,0,sal4,0
chance,chance,s,topic_22,0,freq5,0,ig5,0,sal5,0
to,to,s,topic_45,0,freq2,0,ig5,0,sal5,0
make,make,s,topic_42,0,freq4,0,ig5,0,sal4,0
the,the,s,topic_22,0,freq1,0,ig5,0,sal4,0
deal,deal,,topic_10,0,freq5,0,ig5,0,sal4,0
",",",",s
and,and,s,topic_45,0,freq2,0,ig5,0,sal5,0
so,so,s,topic_42,0,freq3,0,ig5,0,sal5,0
he,he,s,topic_22,0,freq2,0,ig5,0,sal1,0
forcibly,forcibly,s,topic_42,0,freq5,0,ig1,0,sal5,0
enlists,enlists,s,topic_36,0,freq5,0,ig5,0,sal5,0
an,an,s,topic_48,0,freq3,0,ig5,0,sal5,0
uncooperative,uncooperative,s,topic_20,0,freq5,0,ig3,0,sal5,0
,,s
and,and,s,topic_27,0,freq1,0,ig5,0,sal5,0
entirely,entirely,s,topic_13,0,freq4,0,ig1,0,sal1,0
naive,naive,s,topic_36,0,freq5,0,ig5,0,sal5,0
,,s
Andy,andy,s,topic_27,0,freq2,0,ig5,0,sal2,0
to,to,s,topic_10,0,freq2,0,ig5,0,sal5,0
play,play,s,topic_22,0,freq4,0,ig5,0,sal2,0
along,along,,topic_27,0,freq4,0,ig5,0,sal5,0
.,.,s
Faced,faced,s,topic_27,0,freq4,0,ig5,0,sal5,0
with,with,s,topic_13,0,freq2,0,ig5,0,sal4,0
certain,certain,s,topic_13,0,freq4,0,ig5,0,sal4,0
unattractive,unattractive,s,topic_22,0,freq5,0,ig1,0,sal4,0
choices,choices,,topic_21,0,freq5,0,ig5,0,sal5,0
",",",",s
Andy,andy,s,topic_27,0,freq2,0,ig5,0,sal2,0
does,does,s,topic_22,0,freq4,0,ig5,0,sal5,0
his,his,s,topic_22,0,freq1,0,ig5,0,sal1,0
best,best,s,topic_42,0,freq5,0,ig5,0,sal5,0
to,to,s,topic_10,0,freq2,0,ig5,0,sal5,0
work,work,s,topic_20,0,freq4,0,ig5,0,sal5,0
with,with,s,topic_36,0,freq2,0,ig5,0,sal3,0
Vann,vann,s,topic_27,0,freq3,0,ig1,0,sal2,0
(,(,
his,his,s,topic_22,0,freq1,0,ig5,0,sal1,0
best,best,,topic_22,0,freq3,0,ig5,0,sal3,0
",",",",s
unfortunately,unfortunately,,topic_20,0,freq5,0,ig5,0,sal4,0
",",",",s
isn't,isn't,s,topic_1,0,freq3,0,ig5,0,sal2,0
much,much,,topic_13,0,freq3,0,ig5,0,sal1,0
),),s
and,and,s,topic_21,0,freq1,0,ig5,0,sal3,0
even,even,s,topic_45,0,freq3,0,ig5,0,sal5,0
manages,manages,s,topic_13,0,freq5,0,ig5,0,sal5,0
to,to,s,topic_22,0,freq2,0,ig5,0,sal5,0
alleviate,alleviate,s,topic_22,0,freq5,0,ig2,0,sal5,0
some,some,s,topic_45,0,freq3,0,ig5,0,sal5,0
of,of,s,topic_13,0,freq1,0,ig5,0,sal2,0
the,the,s,topic_45,0,freq1,0,ig5,0,sal5,0
suspicions,suspicions,s,topic_45,0,freq5,0,ig5,0,sal5,0
held,held,s,topic_10,0,freq5,0,ig5,0,sal4,0
by,by,s,topic_22,0,freq3,0,ig5,0,sal3,0
the,the,s,topic_21,0,freq1,0,ig5,0,sal2,0
gun,gun,s,topic_27,0,freq3,0,ig5,0,sal5,0
dealer's,dealer's,s,topic_18,0,freq5,0,ig3,0,sal5,0
representative,representative,,topic_10,0,freq5,0,ig5,0,sal4,0
",",",",s
Joey,joey,s,topic_36,0,freq5,0,ig5,0,sal5,0
(,(,
Luke,luke,s,topic_27,0,freq3,0,ig5,0,sal4,0
Goss,goss,,topic_27,0,freq3,0,ig1,0,sal3,0
),),
.,.,
<,<,
br,br,s,topic_10,0,freq1,0,ig5,0,sal1,0
/,/,
>,>,
<,<,
br,br,s,topic_10,0,freq1,0,ig5,0,sal1,0
/,/,
>,>,
As,as,s,topic_13,0,freq2,0,ig5,0,sal3,0
the,the,s,topic_45,0,freq1,0,ig5,0,sal5,0
deal,deal,s,topic_10,0,freq5,0,ig5,0,sal4,0
progresses,progresses,s,topic_42,0,freq5,0,ig5,0,sal5,0
in,in,s,topic_27,0,freq1,0,ig5,0,sal5,0
fits,fits,,topic_21,0,freq5,0,ig4,0,sal3,0
",",",",s
starts,starts,,topic_45,0,freq4,0,ig5,0,sal5,0
",",",",s
mishaps,mishaps,,topic_42,0,freq5,0,ig3,0,sal5,0
",",",",s
and,and,s,topic_22,0,freq2,0,ig5,0,sal5,0
misunderstandings,misunderstandings,,topic_27,0,freq5,0,ig1,0,sal4,0
",",",",s
Internal,internal,s,topic_22,0,freq5,0,ig5,0,sal5,0
Affairs,affairs,s,topic_27,0,freq4,0,ig5,0,sal4,0
continues,continues,s,topic_15,0,freq4,0,ig5,0,sal5,0
to,to,s,topic_10,0,freq2,0,ig5,0,sal5,0
surveil,surveil,s,topic_27,0,freq5,0,ig3,0,sal5,0
Vann,vann,s,topic_27,0,freq3,0,ig1,0,sal2,0
in,in,s,topic_27,0,freq1,0,ig5,0,sal5,0
the,the,s,topic_22,0,freq1,0,ig5,0,sal4,0
hopes,hopes,s,topic_45,0,freq5,0,ig5,0,sal4,0
of,of,s,topic_3,0,freq1,0,ig5,0,sal5,0
nabbing,nabbing,s,topic_27,0,freq5,0,ig3,0,sal5,0
themselves,themselves,s,topic_13,0,freq4,0,ig5,0,sal3,0
a,a,s,topic_22,0,freq1,0,ig5,0,sal3,0
cop,cop,s,topic_27,0,freq3,0,ig5,0,sal5,0
gone,gone,s,topic_36,0,freq5,0,ig5,0,sal5,0
bad,bad,,topic_45,0,freq1,0,ig5,0,sal1,0
;,;,s
more,more,s,topic_10,0,freq4,0,ig5,0,sal5,0
bodies,bodies,s,topic_45,0,freq5,0,ig5,0,sal3,0
pile,pile,s,topic_10,0,freq5,0,ig5,0,sal5,0
up,up,,topic_22,0,freq4,0,ig5,0,sal5,0
;,;,s
Vann,vann,s,topic_27,0,freq3,0,ig1,0,sal2,0
has,has,s,topic_36,0,freq3,0,ig5,0,sal5,0
personal,personal,s,topic_42,0,freq5,0,ig5,0,sal5,0
problems,problems,,topic_20,0,freq5,0,ig5,0,sal5,0
;,;,s
and,and,s,topic_27,0,freq1,0,ig5,0,sal5,0
Andy,andy,s,topic_27,0,freq2,0,ig5,0,sal2,0
ends,ends,s,topic_27,0,freq3,0,ig5,0,sal5,0
up,up,s,topic_22,0,freq4,0,ig5,0,sal5,0
in,in,s,topic_21,0,freq2,0,ig5,0,sal5,0
jail,jail,,topic_36,0,freq5,0,ig1,0,sal2,0
",",",",s
worried,worried,s,topic_10,0,freq5,0,ig5,0,sal4,0
he'll,he'll,s,topic_22,0,freq5,0,ig5,0,sal4,0
miss,miss,s,topic_36,0,freq5,0,ig5,0,sal5,0
giving,giving,s,topic_20,0,freq5,0,ig5,0,sal4,0
his,his,s,topic_22,0,freq1,0,ig5,0,sal1,0
speech,speech,,topic_27,0,freq4,0,ig5,0,sal5,0
.,.,s
There's,there's,s,topic_45,0,freq3,0,ig5,0,sal2,0
a,a,s,topic_20,0,freq1,0,ig5,0,sal5,0
lot,lot,s,topic_1,0,freq3,0,ig5,0,sal2,0
going,going,s,topic_20,0,freq3,0,ig5,0,sal1,0
on,on,s,topic_19,0,freq2,0,ig5,0,sal2,0
in,in,s,topic_10,0,freq2,0,ig5,0,sal3,0
The,the,s,topic_42,0,freq1,0,ig5,0,sal5,0
Man,man,,topic_27,0,freq2,0,ig5,0,sal5,0
!,!,s
And,and,s,topic_19,0,freq1,0,ig5,0,sal5,0
all,all,s,topic_45,0,freq2,0,ig5,0,sal4,0
of,of,s,topic_10,0,freq2,0,ig5,0,sal2,0
it,it,s,topic_10,0,freq3,0,ig5,0,sal5,0
happens,happens,s,topic_42,0,freq5,0,ig5,0,sal4,0
in,in,s,topic_27,0,freq1,0,ig5,0,sal5,0
90,90,s,topic_45,0,freq5,0,ig5,0,sal3,0
or,or,s,topic_20,0,freq2,0,ig5,0,sal1,0
so,so,s,topic_22,0,freq4,0,ig5,0,sal5,0
minutes,minutes,,topic_45,0,freq3,0,ig5,0,sal2,0
.,.,s
That,that,s,topic_10,0,freq2,0,ig5,0,sal1,0
it,it,s,topic_20,0,freq1,0,ig5,0,sal4,0
will,will,s,topic_3,0,freq2,0,ig5,0,sal5,0
seem,seem,s,topic_20,0,freq4,0,ig5,0,sal4,0
a,a,s,topic_10,0,freq1,0,ig5,0,sal2,0
whole,whole,s,topic_42,0,freq5,0,ig5,0,sal5,0
lot,lot,s,topic_20,0,freq4,0,ig5,0,sal4,0
longer,longer,s,topic_10,0,freq5,0,ig5,0,sal2,0
says,says,s,topic_19,0,freq5,0,ig5,0,sal4,0
something,something,s,topic_20,0,freq3,0,ig5,0,sal1,0
about,about,s,topic_42,0,freq3,0,ig5,0,sal5,0
the,the,s,topic_45,0,freq1,0,ig5,0,sal5,0
film,film,,topic_13,0,freq1,0,ig5,0,sal1,0
",",",",s
and,and,s,topic_36,0,freq2,0,ig5,0,sal5,0
it's,it's,s,topic_20,0,freq2,0,ig5,0,sal2,0
not,not,s,topic_42,0,freq3,0,ig5,0,sal3,0
saying,saying,s,topic_20,0,freq5,0,ig5,0,sal4,0
anything,anything,s,topic_20,0,freq4,0,ig5,0,sal2,0
very,very,s,topic_21,0,freq3,0,ig5,0,sal1,0
nice,nice,,topic_1,0,freq3,0,ig5,0,sal1,0
.,.,
<,<,
br,br,s,topic_10,0,freq1,0,ig5,0,sal1,0
/,/,
>,>,
<,<,
br,br,s,topic_20,0,freq1,0,ig5,0,sal5,0
/,/,
>,>,
Samuel,samuel,s,topic_27,0,freq2,0,ig1,0,sal2,0
L,l,,topic_27,0,freq2,0,ig1,0,sal2,0
.,.,s
Jackson,jackson,s,topic_27,0,freq1,0,ig1,0,sal1,0
is,is,s,topic_42,0,freq2,0,ig5,0,sal4,0
a,a,s,topic_22,0,freq1,0,ig5,0,sal3,0
good,good,s,topic_21,0,freq3,0,ig5,0,sal3,0
actor,actor,,topic_22,0,freq4,0,ig5,0,sal1,0
.,.,s
Though,though,s,topic_21,0,freq4,0,ig5,0,sal5,0
he,he,s,topic_22,0,freq2,0,ig5,0,sal1,0
doesn't,doesn't,s,topic_20,0,freq3,0,ig5,0,sal3,0
appear,appear,s,topic_20,0,freq5,0,ig5,0,sal5,0
to,to,s,topic_27,0,freq1,0,ig5,0,sal5,0
be,be,s,topic_45,0,freq3,0,ig5,0,sal5,0
slacking,slacking,s,topic_27,0,freq5,0,ig3,0,sal5,0
off,off,s,topic_20,0,freq3,0,ig5,0,sal2,0
here,here,,topic_22,0,freq4,0,ig5,0,sal5,0
",",",",s
there's,there's,s,topic_45,0,freq3,0,ig5,0,sal2,0
nothing,nothing,s,topic_45,0,freq3,0,ig5,0,sal3,0
anyone,anyone,s,topic_19,0,freq4,0,ig5,0,sal4,0
could,could,s,topic_20,0,freq3,0,ig5,0,sal2,0
do,do,s,topic_20,0,freq2,0,ig5,0,sal1,0
about,about,s,topic_42,0,freq3,0,ig5,0,sal5,0
the,the,s,topic_45,0,freq1,0,ig5,0,sal5,0
horrible,horrible,s,topic_45,0,freq3,0,ig5,0,sal1,0
lines,lines,s,topic_20,0,freq5,0,ig5,0,sal5,0
he's,he's,s,topic_22,0,freq4,0,ig5,0,sal2,0
given,given,,topic_20,0,freq5,0,ig5,0,sal5,0
.,.,s
I,i,s,topic_20,0,freq1,0,ig5,0,sal5,0
think,think,s,topic_42,0,freq3,0,ig5,0,sal3,0
Eugene,eugene,s,topic_27,0,freq2,0,ig1,0,sal1,0
Levy,levy,s,topic_27,0,freq1,0,ig1,0,sal1,0
is,is,s,topic_15,0,freq2,0,ig5,0,sal5,0
a,a,s,topic_1,0,freq1,0,ig5,0,sal2,0
hoot,hoot,s,topic_22,0,freq5,0,ig5,0,sal4,0
(,(,
he's,he's,s,topic_22,0,freq4,0,ig5,0,sal2,0
just,just,s,topic_20,0,freq2,0,ig5,0,sal1,0
wonderful,wonderful,s,topic_19,0,freq4,0,ig5,0,sal3,0
as,as,s,topic_22,0,freq2,0,ig5,0,sal1,0
the,the,s,topic_3,0,freq1,0,ig5,0,sal5,0
earnest,earnest,s,topic_10,0,freq5,0,ig5,0,sal5,0
father,father,s,topic_18,0,freq2,0,ig5,0,sal2,0
in,in,s,topic_10,0,freq2,0,ig5,0,sal3,0
the,the,s,topic_45,0,freq1,0,ig5,0,sal5,0
American,american,s,topic_13,0,freq5,0,ig5,0,sal5,0
Pie,pie,s,topic_27,0,freq3,0,ig1,0,sal3,0
trilogy,trilogy,,topic_27,0,freq4,0,ig5,0,sal5,0
),),
",",",",s
but,but,s,topic_20,0,freq1,0,ig5,0,sal2,0
he's,he's,s,topic_20,0,freq4,0,ig5,0,sal5,0
not,not,s,topic_21,0,freq3,0,ig5,0,sal5,0
remotely,remotely,s,topic_45,0,freq5,0,ig1,0,sal2,0
funny,funny,s,topic_27,0,freq2,0,ig5,0,sal5,0
in,in,s,topic_10,0,freq2,0,ig5,0,sal3,0
this,this,s,topic_19,0,freq1,0,ig5,0,sal3,0
movie,movie,,topic_42,0,freq1,0,ig5,0,sal1,0
.,.,s
That's,that's,s,topic_20,0,freq3,0,ig5,0,sal2,0
probably,probably,s,topic_42,0,freq4,0,ig5,0,sal3,0
because,because,s,topic_42,0,freq4,0,ig5,0,sal4,0
none,none,s,topic_45,0,freq4,0,ig5,0,sal4,0
of,of,s,topic_22,0,freq1,0,ig5,0,sal3,0
his,his,s,topic_15,0,freq1,0,ig5,0,sal1,0
lines,lines,s,topic_3,0,freq3,0,ig5,0,sal5,0
are,are,s,topic_13,0,freq2,0,ig5,0,sal3,0
remotely,remotely,s,topic_45,0,freq5,0,ig1,0,sal2,0
funny,funny,,topic_42,0,freq4,0,ig5,0,sal4,0
.,.,s
Miguel,miguel,s,topic_27,0,freq4,0,ig1,0,sal3,0
Ferrar's,ferrar's,s,topic_10,0,freq5,0,ig3,0,sal5,0
IA,ia,s,topic_27,0,freq5,0,ig3,0,sal5,0
investigator,investigator,s,topic_20,0,freq5,0,ig3,0,sal5,0
is,is,s,topic_45,0,freq1,0,ig5,0,sal5,0
a,a,s,topic_20,0,freq1,0,ig5,0,sal5,0
caricature,caricature,s,topic_45,0,freq5,0,ig1,0,sal4,0
at,at,s,topic_10,0,freq3,0,ig5,0,sal4,0
best,best,,topic_22,0,freq3,0,ig5,0,sal3,0
;,;,s
Susie,susie,s,topic_27,0,freq4,0,ig1,0,sal4,0
Essman,essman,s,topic_27,0,freq5,0,ig5,0,sal4,0
is,is,s,topic_13,0,freq2,0,ig5,0,sal5,0
a,a,s,topic_22,0,freq1,0,ig5,0,sal3,0
woman,woman,s,topic_36,0,freq4,0,ig5,0,sal5,0
in,in,s,topic_22,0,freq2,0,ig5,0,sal2,0
a,a,s,topic_15,0,freq1,0,ig5,0,sal5,0
man's,man's,s,topic_18,0,freq3,0,ig5,0,sal3,0
world,world,s,topic_3,0,freq1,0,ig5,0,sal2,0
artificially,artificially,s,topic_27,0,freq5,0,ig5,0,sal5,0
made,made,s,topic_10,0,freq4,0,ig5,0,sal5,0
ridiculously,ridiculously,s,topic_15,0,freq5,0,ig1,0,sal2,0
prickly,prickly,s,topic_3,0,freq5,0,ig1,0,sal4,0
by,by,s,topic_21,0,freq3,0,ig5,0,sal5,0
,,s
you,you,s,topic_42,0,freq1,0,ig5,0,sal1,0
guessed,guessed,s,topic_13,0,freq5,0,ig5,0,sal5,0
it,it,,topic_19,0,freq1,0,ig5,0,sal2,0
!,!,s
,,s
some,some,s,topic_20,0,freq3,0,ig5,0,sal4,0
really,really,s,topic_45,0,freq2,0,ig5,0,sal4,0
stupid,stupid,s,topic_45,0,freq3,0,ig4,0,sal1,0
lines,lines,,topic_20,0,freq5,0,ig5,0,sal5,0
.,.,
<,<,
br,br,s,topic_10,0,freq1,0,ig5,0,sal1,0
/,/,
>,>,
<,<,
br,br,s,topic_10,0,freq1,0,ig5,0,sal1,0
/,/,
>,>,
The,the,s,topic_42,0,freq1,0,ig5,0,sal5,0
direction,direction,s,topic_20,0,freq5,0,ig5,0,sal5,0
isn't,isn't,s,topic_20,0,freq4,0,ig5,0,sal5,0
terrible,terrible,s,topic_20,0,freq5,0,ig5,0,sal5,0
(,(,
though,though,s,topic_21,0,freq4,0,ig5,0,sal5,0
there,there,s,topic_45,0,freq3,0,ig5,0,sal5,0
are,are,s,topic_42,0,freq3,0,ig5,0,sal5,0
some,some,s,topic_10,0,freq5,0,ig5,0,sal5,0
edits,edits,s,topic_27,0,freq5,0,ig5,0,sal5,0
that,that,s,topic_10,0,freq2,0,ig5,0,sal1,0
are,are,,topic_29,0,freq2,0,ig5,0,sal5,0
),),
",",",",s
but,but,s,topic_1,0,freq2,0,ig5,0,sal3,0
the,the,s,topic_13,0,freq1,0,ig5,0,sal3,0
screenplay,screenplay,s,topic_13,0,freq4,0,ig4,0,sal1,0
is,is,s,topic_42,0,freq2,0,ig5,0,sal4,0
truly,truly,s,topic_13,0,freq4,0,ig5,0,sal5,0
abysmal,abysmal,,topic_13,0,freq5,0,ig4,0,sal5,0
.,.,s
The,the,s,topic_21,0,freq1,0,ig5,0,sal2,0
storyline,storyline,s,topic_42,0,freq5,0,ig5,0,sal5,0
is,is,s,topic_22,0,freq2,0,ig5,0,sal5,0
obvious,obvious,s,topic_13,0,freq4,0,ig5,0,sal1,0
as,as,s,topic_22,0,freq2,0,ig5,0,sal1,0
all,all,s,topic_21,0,freq3,0,ig5,0,sal4,0
get-out,get-out,,topic_20,0,freq5,0,ig3,0,sal5,0
",",",",s
and,and,s,topic_29,0,freq1,0,ig5,0,sal5,0
the,the,s,topic_18,0,freq1,0,ig5,0,sal5,0
script,script,s,topic_45,0,freq4,0,ig5,0,sal5,0
is,is,s,topic_10,0,freq2,0,ig5,0,sal3,0
trite,trite,s,topic_10,0,freq5,0,ig5,0,sal5,0
at,at,s,topic_20,0,freq2,0,ig5,0,sal4,0
best,best,s,topic_22,0,freq3,0,ig5,0,sal3,0
(,(,
at,at,s,topic_22,0,freq3,0,ig5,0,sal5,0
other,other,s,topic_10,0,freq3,0,ig5,0,sal3,0
times,times,,topic_42,0,freq4,0,ig5,0,sal4,0
",",",",s
it,it,s,topic_20,0,freq1,0,ig5,0,sal4,0
degenerates,degenerates,s,topic_27,0,freq5,0,ig5,0,sal5,0
from,from,s,topic_22,0,freq4,0,ig5,0,sal5,0
"""","""",
trite,trite,,topic_29,0,freq4,0,ig5,0,sal2,0
"""","""",s
directly,directly,s,topic_13,0,freq5,0,ig4,0,sal3,0
to,to,s,topic_20,0,freq1,0,ig5,0,sal3,0
"""","""",
could,could,s,topic_10,0,freq4,0,ig5,0,sal5,0
this,this,s,topic_10,0,freq3,0,ig5,0,sal5,0
be,be,s,topic_20,0,freq2,0,ig5,0,sal2,0
any,any,s,topic_10,0,freq4,0,ig5,0,sal3,0
dumber,dumber,,topic_22,0,freq5,0,ig2,0,sal5,0
?,?,
"""","""",
),),
.,.,s
Both,both,s,topic_22,0,freq4,0,ig5,0,sal2,0
the,the,s,topic_21,0,freq1,0,ig5,0,sal2,0
director,director,s,topic_13,0,freq4,0,ig5,0,sal4,0
and,and,s,topic_20,0,freq1,0,ig5,0,sal5,0
the,the,s,topic_10,0,freq1,0,ig5,0,sal2,0
writing,writing,s,topic_20,0,freq5,0,ig5,0,sal5,0
team,team,s,topic_10,0,freq5,0,ig5,0,sal3,0
have,have,s,topic_13,0,freq3,0,ig5,0,sal5,0
some,some,s,topic_20,0,freq3,0,ig5,0,sal4,0
experience,experience,s,topic_10,0,freq5,0,ig5,0,sal5,0
under,under,s,topic_48,0,freq4,0,ig5,0,sal4,0
their,their,s,topic_20,0,freq3,0,ig5,0,sal4,0
respective,respective,s,topic_27,0,freq4,0,ig5,0,sal3,0
belts,belts,s,topic_27,0,freq5,0,ig3,0,sal5,0
(,(,
though,though,s,topic_10,0,freq4,0,ig5,0,sal4,0
the,the,s,topic_45,0,freq1,0,ig5,0,sal5,0
résumés,résumés,s,topic_27,0,freq5,0,ig3,0,sal5,0
don't,don't,s,topic_20,0,freq3,0,ig5,0,sal1,0
contain,contain,s,topic_45,0,freq5,0,ig5,0,sal4,0
any,any,s,topic_45,0,freq3,0,ig5,0,sal4,0
films,films,s,topic_13,0,freq2,0,ig5,0,sal1,0
of,of,s,topic_42,0,freq2,0,ig5,0,sal5,0
particular,particular,s,topic_10,0,freq5,0,ig5,0,sal4,0
note,note,,topic_27,0,freq4,0,ig5,0,sal5,0
),),
",",",",s
so,so,s,topic_21,0,freq4,0,ig5,0,sal5,0
they,they,s,topic_36,0,freq3,0,ig5,0,sal2,0
all,all,s,topic_45,0,freq2,0,ig5,0,sal4,0
should,should,s,topic_42,0,freq4,0,ig5,0,sal3,0
have,have,s,topic_42,0,freq3,0,ig5,0,sal4,0
been,been,s,topic_10,0,freq4,0,ig5,0,sal3,0
better,better,s,topic_10,0,freq4,0,ig5,0,sal3,0
than,than,s,topic_45,0,freq3,0,ig5,0,sal5,0
this,this,,topic_42,0,freq1,0,ig5,0,sal2,0
.,.,s
That,that,s,topic_10,0,freq2,0,ig5,0,sal1,0
they,they,s,topic_20,0,freq2,0,ig5,0,sal1,0
aren't,aren't,s,topic_42,0,freq5,0,ig5,0,sal3,0
makes,makes,s,topic_20,0,freq3,0,ig5,0,sal2,0
me,me,s,topic_20,0,freq3,0,ig5,0,sal2,0
wonder,wonder,s,topic_10,0,freq5,0,ig5,0,sal4,0
how,how,s,topic_20,0,freq3,0,ig5,0,sal4,0
it,it,s,topic_42,0,freq1,0,ig5,0,sal2,0
is,is,s,topic_10,0,freq2,0,ig5,0,sal3,0
they,they,s,topic_45,0,freq3,0,ig5,0,sal5,0
ever,ever,s,topic_45,0,freq3,0,ig5,0,sal4,0
got,got,s,topic_22,0,freq5,0,ig5,0,sal5,0
the,the,s,topic_15,0,freq2,0,ig5,0,sal5,0
green,green,s,topic_19,0,freq5,0,ig5,0,sal5,0
light,light,s,topic_48,0,freq4,0,ig5,0,sal4,0
to,to,s,topic_42,0,freq2,0,ig5,0,sal5,0
go,go,s,topic_42,0,freq4,0,ig5,0,sal3,0
ahead,ahead,s,topic_22,0,freq5,0,ig5,0,sal5,0
with,with,s,topic_42,0,freq4,0,ig5,0,sal5,0
what,what,s,topic_20,0,freq2,0,ig5,0,sal1,0
is,is,s,topic_10,0,freq2,0,ig5,0,sal3,0
obviously,obviously,s,topic_10,0,freq5,0,ig5,0,sal4,0
intended,intended,s,topic_3,0,freq3,0,ig5,0,sal4,0
to,to,s,topic_27,0,freq1,0,ig5,0,sal5,0
be,be,s,topic_45,0,freq3,0,ig5,0,sal5,0
a,a,s,topic_45,0,freq1,0,ig5,0,sal5,0
mass,mass,s,topic_15,0,freq4,0,ig5,0,sal2,0
market,market,s,topic_45,0,freq5,0,ig5,0,sal4,0
release,release,,topic_19,0,freq5,0,ig5,0,sal3,0
.,.,
<,<,
br,br,s,topic_10,0,freq1,0,ig5,0,sal1,0
/,/,
>,>,
<,<,
br,br,s,topic_10,0,freq1,0,ig5,0,sal1,0
/,/,
>,>,
Is,is,s,topic_22,0,freq2,0,ig5,0,sal5,0
The,the,s,topic_22,0,freq1,0,ig5,0,sal4,0
Man,man,s,topic_15,0,freq2,0,ig5,0,sal1,0
a,a,s,topic_20,0,freq1,0,ig5,0,sal5,0
comedy,comedy,,topic_27,0,freq2,0,ig5,0,sal5,0
?,?,s
No,no,,topic_20,0,freq2,0,ig5,0,sal1,0
.,.,s
I,i,s,topic_20,0,freq1,0,ig5,0,sal5,0
know,know,s,topic_20,0,freq3,0,ig5,0,sal3,0
that,that,s,topic_19,0,freq3,0,ig5,0,sal5,0
because,because,s,topic_20,0,freq3,0,ig5,0,sal4,0
it,it,s,topic_20,0,freq1,0,ig5,0,sal4,0
isn't,isn't,s,topic_13,0,freq4,0,ig5,0,sal5,0
funny,funny,s,topic_27,0,freq2,0,ig5,0,sal5,0
(,(,
unless,unless,s,topic_20,0,freq5,0,ig5,0,sal4,0
you,you,s,topic_42,0,freq1,0,ig5,0,sal1,0
think,think,s,topic_20,0,freq4,0,ig5,0,sal5,0
really,really,s,topic_21,0,freq3,0,ig5,0,sal4,0
badly,badly,s,topic_45,0,freq4,0,ig5,0,sal3,0
handled,handled,s,topic_20,0,freq5,0,ig4,0,sal4,0
fart,fart,s,topic_27,0,freq4,0,ig1,0,sal3,0
jokes,jokes,s,topic_45,0,freq4,0,ig5,0,sal3,0
are,are,s,topic_42,0,freq3,0,ig5,0,sal5,0
good,good,s,topic_42,0,freq4,0,ig5,0,sal5,0
humor,humor,,topic_19,0,freq4,0,ig5,0,sal4,0
),),
.,.,s
Is,is,s,topic_21,0,freq1,0,ig5,0,sal1,0
it,it,s,topic_48,0,freq2,0,ig5,0,sal5,0
a,a,s,topic_45,0,freq1,0,ig5,0,sal5,0
cop,cop,s,topic_27,0,freq3,0,ig5,0,sal5,0
movie,movie,,topic_42,0,freq1,0,ig5,0,sal1,0
?,?,s
Not,not,s,topic_20,0,freq3,0,ig5,0,sal5,0
really,really,,topic_1,0,freq3,0,ig5,0,sal3,0
.,.,s
There,there,s,topic_42,0,freq4,0,ig5,0,sal5,0
are,are,s,topic_21,0,freq2,0,ig5,0,sal3,0
stereotypes,stereotypes,s,topic_45,0,freq5,0,ig5,0,sal5,0
everywhere,everywhere,,topic_42,0,freq5,0,ig5,0,sal4,0
",",",",s
but,but,s,topic_20,0,freq1,0,ig5,0,sal2,0
no,no,s,topic_22,0,freq4,0,ig5,0,sal5,0
real,real,s,topic_45,0,freq3,0,ig5,0,sal5,0
cop,cop,s,topic_27,0,freq3,0,ig5,0,sal5,0
action,action,,topic_13,0,freq4,0,ig5,0,sal4,0
",",",",s
or,or,s,topic_45,0,freq2,0,ig5,0,sal5,0
even,even,s,topic_20,0,freq3,0,ig5,0,sal3,0
jargon,jargon,,topic_27,0,freq5,0,ig5,0,sal5,0
.,.,s
Is,is,s,topic_21,0,freq1,0,ig5,0,sal1,0
it,it,s,topic_19,0,freq1,0,ig5,0,sal2,0
a,a,s,topic_22,0,freq1,0,ig5,0,sal3,0
drama,drama,,topic_13,0,freq4,0,ig5,0,sal4,0
?,?,s
Seeing,seeing,s,topic_21,0,freq5,0,ig5,0,sal5,0
as,as,s,topic_20,0,freq3,0,ig5,0,sal5,0
how,how,s,topic_20,0,freq3,0,ig5,0,sal4,0
it's,it's,s,topic_1,0,freq2,0,ig5,0,sal1,0
utterly,utterly,s,topic_45,0,freq4,0,ig5,0,sal3,0
missing,missing,s,topic_21,0,freq5,0,ig5,0,sal5,0
any,any,s,topic_45,0,freq3,0,ig5,0,sal4,0
drama,drama,s,topic_15,0,freq3,0,ig5,0,sal4,0
or,or,s,topic_42,0,freq3,0,ig5,0,sal4,0
suspense,suspense,,topic_21,0,freq4,0,ig5,0,sal2,0
",",",",s
I'd,i'd,s,topic_20,0,freq5,0,ig5,0,sal4,0
give,give,s,topic_20,0,freq4,0,ig5,0,sal3,0
that,that,s,topic_10,0,freq2,0,ig5,0,sal1,0
a,a,s,topic_10,0,freq1,0,ig5,0,sal2,0
"""","""",
no,no,,topic_20,0,freq2,0,ig5,0,sal1,0
",",",",
"""","""",s
too,too,,topic_13,0,freq3,0,ig5,0,sal4,0
.,.,s
So,so,s,topic_20,0,freq2,0,ig5,0,sal1,0
what,what,s,topic_20,0,freq2,0,ig5,0,sal1,0
exactly,exactly,s,topic_13,0,freq4,0,ig5,0,sal4,0
is,is,s,topic_45,0,freq1,0,ig5,0,sal5,0
The,the,s,topic_22,0,freq1,0,ig5,0,sal4,0
Man,man,,topic_22,0,freq4,0,ig5,0,sal2,0
?,?,s
Just,just,s,topic_42,0,freq4,0,ig5,0,sal5,0
a,a,s,topic_22,0,freq1,0,ig5,0,sal3,0
really,really,s,topic_42,0,freq3,0,ig5,0,sal4,0
bad,bad,s,topic_45,0,freq1,0,ig5,0,sal1,0
movie,movie,,topic_45,0,freq2,0,ig5,0,sal5,0
.,.,
<,<,
br,br,s,topic_10,0,freq1,0,ig5,0,sal1,0
/,/,
>,>,
<,<,
br,br,s,topic_10,0,freq1,0,ig5,0,sal1,0
/,/,
>,>,
I,i,s,topic_20,0,freq1,0,ig5,0,sal5,0
frankly,frankly,s,topic_10,0,freq5,0,ig5,0,sal4,0
feel,feel,s,topic_21,0,freq4,0,ig5,0,sal5,0
bad,bad,s,topic_45,0,freq1,0,ig5,0,sal1,0
for,for,s,topic_20,0,freq2,0,ig5,0,sal5,0
the,the,s,topic_22,0,freq1,0,ig5,0,sal4,0
actors,actors,s,topic_45,0,freq3,0,ig5,0,sal4,0
caught,caught,s,topic_20,0,freq5,0,ig5,0,sal5,0
up,up,s,topic_20,0,freq3,0,ig5,0,sal3,0
in,in,s,topic_36,0,freq2,0,ig5,0,sal2,0
this,this,s,topic_19,0,freq1,0,ig5,0,sal3,0
mess,mess,,topic_45,0,freq4,0,ig5,0,sal2,0
.,.,s
Each,each,s,topic_36,0,freq4,0,ig5,0,sal5,0
and,and,s,topic_27,0,freq1,0,ig5,0,sal5,0
every,every,s,topic_20,0,freq4,0,ig5,0,sal4,0
one,one,s,topic_19,0,freq2,0,ig5,0,sal4,0
of,of,s,topic_10,0,freq2,0,ig5,0,sal2,0
them,them,s,topic_20,0,freq3,0,ig5,0,sal2,0
deserves,deserves,s,topic_21,0,freq5,0,ig5,0,sal3,0
better,better,,topic_42,0,freq4,0,ig5,0,sal5,0
.,.,s
In,in,s,topic_22,0,freq2,0,ig5,0,sal2,0
honesty,honesty,,topic_21,0,freq5,0,ig5,0,sal4,0
",",",",s
though,though,,topic_10,0,freq4,0,ig5,0,sal4,0
",",",",s
I,i,s,topic_42,0,freq2,0,ig5,0,sal3,0
feel,feel,s,topic_20,0,freq4,0,ig5,0,sal5,0
even,even,s,topic_13,0,freq3,0,ig5,0,sal5,0
worse,worse,s,topic_45,0,freq4,0,ig5,0,sal2,0
for,for,s,topic_21,0,freq3,0,ig5,0,sal5,0
those,those,s,topic_13,0,freq3,0,ig5,0,sal4,0
movie-goers,movie-goers,s,topic_27,0,freq5,0,ig5,0,sal5,0
who,who,,topic_22,0,freq3,0,ig5,0,sal2,0
",",",",s
either,either,s,topic_20,0,freq4,0,ig5,0,sal3,0
intentionally,intentionally,s,topic_10,0,freq5,0,ig5,0,sal5,0
and,and,s,topic_13,0,freq1,0,ig5,0,sal5,0
with,with,s,topic_13,0,freq2,0,ig5,0,sal4,0
high,high,s,topic_13,0,freq4,0,ig5,0,sal3,0
hopes,hopes,s,topic_45,0,freq5,0,ig5,0,sal4,0
or,or,s,topic_20,0,freq2,0,ig5,0,sal1,0
by,by,s,topic_22,0,freq3,0,ig5,0,sal3,0
default,default,,topic_22,0,freq5,0,ig3,0,sal5,0
",",",",s
end,end,s,topic_10,0,freq4,0,ig5,0,sal5,0
up,up,s,topic_20,0,freq3,0,ig5,0,sal3,0
enduring,enduring,s,topic_27,0,freq5,0,ig5,0,sal5,0
this,this,s,topic_42,0,freq1,0,ig5,0,sal2,0
film,film,,topic_1,0,freq1,0,ig5,0,sal2,0
.,.,s
Entertainment,entertainment,s,topic_13,0,freq5,0,ig5,0,sal5,0
Weekly,weekly,s,topic_3,0,freq5,0,ig5,0,sal5,0
magazine,magazine,s,topic_42,0,freq5,0,ig1,0,sal4,0
gave,gave,s,topic_20,0,freq5,0,ig5,0,sal5,0
The,the,s,topic_15,0,freq2,0,ig5,0,sal5,0
Man,man,s,topic_15,0,freq2,0,ig5,0,sal1,0
a,a,s,topic_42,0,freq2,0,ig5,0,sal5,0
D,d,,topic_45,0,freq5,0,ig5,0,sal4,0
+,+,s
grade,grade,,topic_45,0,freq4,0,ig5,0,sal2,0
.,.,s
I,i,s,topic_20,0,freq1,0,ig5,0,sal5,0
think,think,s,topic_42,0,freq3,0,ig5,0,sal3,0
that's,that's,s,topic_20,0,freq3,0,ig5,0,sal2,0
wrong,wrong,,topic_20,0,freq4,0,ig5,0,sal1,0
.,.,s
A,a,s,topic_45,0,freq1,0,ig5,0,sal5,0
D,d,,topic_45,0,freq5,0,ig5,0,sal4,0
+,+,s
is,is,s,topic_21,0,freq1,0,ig5,0,sal1,0
a,a,s,topic_36,0,freq1,0,ig5,0,sal1,0
passing,passing,s,topic_27,0,freq5,0,ig5,0,sal5,0
grade,grade,,topic_45,0,freq4,0,ig5,0,sal2,0
",",",",s
and,and,s,topic_45,0,freq2,0,ig5,0,sal5,0
The,the,s,topic_10,0,freq1,0,ig5,0,sal2,0
Man,man,s,topic_27,0,freq2,0,ig5,0,sal5,0
is,is,s,topic_13,0,freq2,0,ig5,0,sal5,0
a,a,s,topic_19,0,freq2,0,ig5,0,sal5,0
complete,complete,s,topic_45,0,freq4,0,ig5,0,sal4,0
failure,failure,,topic_13,0,freq5,0,ig4,0,sal3,0
.,.,
<,<,
br,br,s,topic_10,0,freq1,0,ig5,0,sal1,0
/,/,
>,>,
<,<,
br,br,s,topic_10,0,freq1,0,ig5,0,sal1,0
/,/,
>,>,
POLITICAL,political,s,topic_13,0,freq5,0,ig5,0,sal5,0
NOTES,notes,,topic_22,0,freq5,0,ig5,0,sal5,0
:,:,s
In,in,s,topic_42,0,freq3,0,ig5,0,sal5,0
a,a,s,topic_45,0,freq1,0,ig5,0,sal5,0
movie,movie,s,topic_45,0,freq2,0,ig5,0,sal5,0
that,that,s,topic_22,0,freq3,0,ig5,0,sal5,0
intends,intends,s,topic_13,0,freq5,0,ig4,0,sal5,0
a,a,s,topic_45,0,freq1,0,ig5,0,sal5,0
federal,federal,s,topic_27,0,freq4,0,ig1,0,sal3,0
agency,agency,s,topic_13,0,freq5,0,ig4,0,sal4,0
to,to,s,topic_20,0,freq1,0,ig5,0,sal3,0
comprise,comprise,s,topic_22,0,freq5,0,ig3,0,sal5,0
a,a,s,topic_20,0,freq1,0,ig5,0,sal5,0
major,major,s,topic_10,0,freq5,0,ig5,0,sal5,0
part,part,s,topic_21,0,freq4,0,ig5,0,sal5,0
of,of,s,topic_10,0,freq2,0,ig5,0,sal2,0
the,the,s,topic_13,0,freq1,0,ig5,0,sal3,0
framework,framework,s,topic_10,0,freq5,0,ig3,0,sal5,0
for,for,s,topic_20,0,freq2,0,ig5,0,sal5,0
the,the,s,topic_22,0,freq1,0,ig5,0,sal4,0
storyline,storyline,,topic_42,0,freq5,0,ig5,0,sal5,0
",",",",s
you'd,you'd,s,topic_20,0,freq5,0,ig5,0,sal3,0
think,think,s,topic_48,0,freq4,0,ig5,0,sal5,0
the,the,s,topic_10,0,freq1,0,ig5,0,sal2,0
scriptwriters,scriptwriters,s,topic_27,0,freq5,0,ig3,0,sal5,0
could,could,s,topic_20,0,freq3,0,ig5,0,sal2,0
at,at,s,topic_10,0,freq3,0,ig5,0,sal4,0
least,least,s,topic_22,0,freq5,0,ig5,0,sal5,0
get,get,s,topic_20,0,freq3,0,ig5,0,sal2,0
the,the,s,topic_22,0,freq1,0,ig5,0,sal4,0
name,name,s,topic_10,0,freq5,0,ig5,0,sal5,0
of,of,s,topic_42,0,freq2,0,ig5,0,sal5,0
the,the,s,topic_10,0,freq1,0,ig5,0,sal2,0
agency,agency,s,topic_13,0,freq5,0,ig4,0,sal4,0
right,right,,topic_3,0,freq3,0,ig5,0,sal5,0
!,!,s
But,but,s,topic_10,0,freq3,0,ig5,0,sal3,0
they,they,s,topic_20,0,freq2,0,ig5,0,sal1,0
don't,don't,,topic_45,0,freq3,0,ig5,0,sal5,0
.,.,s
Although,although,s,topic_22,0,freq4,0,ig5,0,sal4,0
the,the,s,topic_21,0,freq1,0,ig5,0,sal2,0
BATF,batf,s,topic_27,0,freq4,0,ig1,0,sal4,0
has,has,s,topic_10,0,freq4,0,ig5,0,sal5,0
been,been,s,topic_13,0,freq3,0,ig5,0,sal3,0
the,the,s,topic_42,0,freq1,0,ig5,0,sal5,0
BATFE,batfe,s,topic_27,0,freq5,0,ig2,0,sal4,0
(,(,
Bureau,bureau,s,topic_15,0,freq5,0,ig3,0,sal5,0
of,of,s,topic_21,0,freq2,0,ig5,0,sal5,0
Alcohol,alcohol,,topic_18,0,freq4,0,ig5,0,sal4,0
",",",",s
Tobacco,tobacco,,topic_27,0,freq5,0,ig5,0,sal5,0
",",",",s
Firearms,firearms,,topic_27,0,freq4,0,ig5,0,sal4,0
",",",",s
and,and,s,topic_21,0,freq1,0,ig5,0,sal3,0
Explosives,explosives,,topic_27,0,freq5,0,ig5,0,sal5,0
),),s
for,for,s,topic_20,0,freq2,0,ig5,0,sal5,0
several,several,s,topic_3,0,freq3,0,ig5,0,sal5,0
years,years,,topic_19,0,freq3,0,ig5,0,sal2,0
",",",",s
now,now,,topic_20,0,freq4,0,ig5,0,sal3,0
",",",",s
it's,it's,s,topic_1,0,freq2,0,ig5,0,sal1,0
referenced,referenced,s,topic_45,0,freq5,0,ig5,0,sal5,0
only,only,s,topic_45,0,freq2,0,ig5,0,sal4,0
as,as,s,topic_13,0,freq2,0,ig5,0,sal3,0
BATF,batf,s,topic_27,0,freq4,0,ig1,0,sal4,0
in,in,s,topic_42,0,freq3,0,ig5,0,sal5,0
the,the,s,topic_45,0,freq1,0,ig5,0,sal5,0
film,film,,topic_48,0,freq3,0,ig5,0,sal5,0
.,.,s
The,the,s,topic_3,0,freq1,0,ig5,0,sal5,0
movie,movie,s,topic_45,0,freq2,0,ig5,0,sal5,0
also,also,s,topic_21,0,freq3,0,ig5,0,sal2,0
gets,gets,s,topic_27,0,freq1,0,ig5,0,sal4,0
it,it,s,topic_20,0,freq1,0,ig5,0,sal4,0
wrong,wrong,s,topic_20,0,freq4,0,ig5,0,sal1,0
when,when,s,topic_42,0,freq4,0,ig5,0,sal5,0
it,it,s,topic_20,0,freq1,0,ig5,0,sal4,0
represents,represents,s,topic_18,0,freq3,0,ig5,0,sal3,0
the,the,s,topic_21,0,freq1,0,ig5,0,sal2,0
agents,agents,s,topic_27,0,freq5,0,ig5,0,sal5,0
as,as,s,topic_22,0,freq2,0,ig5,0,sal1,0
the,the,s,topic_21,0,freq1,0,ig5,0,sal2,0
good,good,s,topic_21,0,freq3,0,ig5,0,sal3,0
guys,guys,s,topic_45,0,freq3,0,ig5,0,sal3,0
(,(,
BATFE,batfe,s,topic_27,0,freq5,0,ig2,0,sal4,0
has,has,s,topic_22,0,freq3,0,ig5,0,sal4,0
a,a,s,topic_10,0,freq1,0,ig5,0,sal2,0
terrible,terrible,s,topic_45,0,freq3,0,ig5,0,sal1,0
reputation,reputation,s,topic_22,0,freq5,0,ig1,0,sal3,0
among,among,s,topic_13,0,freq4,0,ig5,0,sal3,0
other,other,s,topic_10,0,freq3,0,ig5,0,sal3,0
federal,federal,s,topic_27,0,freq4,0,ig1,0,sal3,0
agencies,agencies,,topic_20,0,freq5,0,ig5,0,sal5,0
",",",",s
and,and,s,topic_22,0,freq2,0,ig5,0,sal5,0
a,a,s,topic_10,0,freq1,0,ig5,0,sal2,0
worse,worse,s,topic_20,0,freq5,0,ig5,0,sal4,0
one,one,s,topic_19,0,freq2,0,ig5,0,sal4,0
with,with,s,topic_15,0,freq2,0,ig5,0,sal5,0
gun,gun,s,topic_27,0,freq3,0,ig5,0,sal5,0
owners,owners,s,topic_27,0,freq5,0,ig5,0,sal5,0
,,s
deserved,deserved,s,topic_42,0,freq5,0,ig5,0,sal4,0
on,on,s,topic_22,0,freq3,0,ig5,0,sal4,0
both,both,s,topic_22,0,freq4,0,ig5,0,sal2,0
counts,counts,,topic_48,0,freq5,0,ig1,0,sal2,0
),),
.,.,s
It's,it's,s,topic_22,0,freq3,0,ig5,0,sal5,0
only,only,s,topic_45,0,freq2,0,ig5,0,sal4,0
wishful,wishful,s,topic_27,0,freq5,0,ig3,0,sal5,0
thinking,thinking,s,topic_20,0,freq5,0,ig5,0,sal3,0
that,that,s,topic_45,0,freq2,0,ig5,0,sal5,0
they'd,they'd,s,topic_20,0,freq5,0,ig1,0,sal2,0
also,also,s,topic_21,0,freq3,0,ig5,0,sal2,0
be,be,s,topic_20,0,freq2,0,ig5,0,sal2,0
as,as,s,topic_22,0,freq2,0,ig5,0,sal1,0
inept,inept,s,topic_20,0,freq5,0,ig5,0,sal5,0
as,as,s,topic_10,0,freq3,0,ig5,0,sal5,0
the,the,s,topic_36,0,freq1,0,ig5,0,sal3,0
movie,movie,s,topic_21,0,freq2,0,ig5,0,sal3,0
presents,presents,,topic_22,0,freq5,0,ig5,0,sal5,0
...,...,
<,<,
br,br,s,topic_10,0,freq1,0,ig5,0,sal1,0
/,/,
>,>,
<,<,
br,br,s,topic_10,0,freq1,0,ig5,0,sal1,0
/,/,
>,>,
FAMILY,family,s,topic_8,0,freq2,0,ig5,0,sal5,0
SUITABILITY,suitability,,topic_15,0,freq5,0,ig3,0,sal5,0
:,:,s
The,the,s,topic_36,0,freq1,0,ig5,0,sal3,0
Man,man,s,topic_15,0,freq2,0,ig5,0,sal1,0
is,is,s,topic_22,0,freq2,0,ig5,0,sal5,0
rated,rated,s,topic_42,0,freq5,0,ig5,0,sal4,0
PG-13,pg-13,s,topic_27,0,freq4,0,ig5,0,sal4,0
for,for,s,topic_20,0,freq2,0,ig5,0,sal5,0
"""","""",
language,language,,topic_10,0,freq5,0,ig5,0,sal5,0
",",",",s
rude,rude,s,topic_27,0,freq4,0,ig1,0,sal4,0
dialogue,dialogue,s,topic_27,0,freq3,0,ig5,0,sal5,0
and,and,s,topic_27,0,freq1,0,ig5,0,sal5,0
some,some,s,topic_20,0,freq3,0,ig5,0,sal4,0
violence,violence,,topic_21,0,freq4,0,ig5,0,sal3,0
.,.,
"""","""",s
I,i,s,topic_19,0,freq1,0,ig5,0,sal1,0
frankly,frankly,s,topic_10,0,freq5,0,ig5,0,sal4,0
found,found,s,topic_13,0,freq4,0,ig5,0,sal5,0
the,the,s,topic_45,0,freq1,0,ig5,0,sal5,0
entire,entire,s,topic_13,0,freq5,0,ig5,0,sal5,0
movie,movie,s,topic_21,0,freq2,0,ig5,0,sal3,0
offensive,offensive,s,topic_21,0,freq5,0,ig5,0,sal5,0
as,as,s,topic_21,0,freq2,0,ig5,0,sal5,0
an,an,s,topic_10,0,freq3,0,ig5,0,sal4,0
insult,insult,s,topic_10,0,freq5,0,ig4,0,sal3,0
to,to,s,topic_36,0,freq1,0,ig5,0,sal1,0
my,my,s,topic_19,0,freq2,0,ig5,0,sal1,0
intelligence,intelligence,s,topic_21,0,freq5,0,ig5,0,sal4,0
(,(,
in,in,s,topic_18,0,freq1,0,ig5,0,sal5,0
a,a,s,topic_21,0,freq2,0,ig5,0,sal4,0
scantly,scantly,s,topic_18,0,freq5,0,ig3,0,sal5,0
occupied,occupied,s,topic_36,0,freq5,0,ig4,0,sal4,0
theatre,theatre,s,topic_27,0,freq5,0,ig5,0,sal5,0
Friday,friday,s,topic_45,0,freq5,0,ig5,0,sal5,0
night,night,,topic_21,0,freq5,0,ig5,0,sal5,0
",",",",s
nobody,nobody,s,topic_3,0,freq3,0,ig5,0,sal4,0
else,else,s,topic_20,0,freq4,0,ig5,0,sal2,0
laughed,laughed,,topic_19,0,freq5,0,ig5,0,sal2,0
",",",",s
either,either,,topic_20,0,freq4,0,ig5,0,sal3,0
),),
.,.,s
As,as,s,topic_22,0,freq2,0,ig5,0,sal1,0
a,a,s,topic_22,0,freq1,0,ig5,0,sal3,0
result,result,,topic_10,0,freq5,0,ig5,0,sal4,0
",",",",s
I,i,s,topic_20,0,freq1,0,ig5,0,sal5,0
don't,don't,s,topic_42,0,freq3,0,ig5,0,sal3,0
believe,believe,s,topic_20,0,freq5,0,ig5,0,sal5,0
this,this,s,topic_13,0,freq2,0,ig5,0,sal5,0
movie,movie,s,topic_42,0,freq1,0,ig5,0,sal1,0
is,is,s,topic_45,0,freq1,0,ig5,0,sal5,0
suitable,suitable,s,topic_13,0,freq5,0,ig1,0,sal3,0
for,for,s,topic_22,0,freq3,0,ig5,0,sal3,0
anyone,anyone,s,topic_42,0,freq5,0,ig5,0,sal4,0
of,of,s,topic_48,0,freq1,0,ig5,0,sal2,0
any,any,s,topic_42,0,freq4,0,ig5,0,sal4,0
age,age,,topic_48,0,freq4,0,ig5,0,sal3,0
.,.,s
Anyone,anyone,s,topic_21,0,freq5,0,ig5,0,sal5,0
old,old,s,topic_27,0,freq4,0,ig5,0,sal5,0
enough,enough,s,topic_13,0,freq4,0,ig5,0,sal5,0
to,to,s,topic_20,0,freq1,0,ig5,0,sal3,0
follow,follow,s,topic_42,0,freq5,0,ig5,0,sal4,0
the,the,s,topic_45,0,freq1,0,ig5,0,sal5,0
shallow,shallow,s,topic_13,0,freq5,0,ig4,0,sal3,0
plot,plot,s,topic_13,0,freq3,0,ig5,0,sal3,0
line,line,s,topic_42,0,freq4,0,ig5,0,sal3,0
(,(,
say,say,,topic_42,0,freq4,0,ig5,0,sal4,0
",",",",s
10,10,s,topic_42,0,freq4,0,ig5,0,sal4,0
or,or,s,topic_10,0,freq3,0,ig5,0,sal2,0
so,so,s,topic_42,0,freq3,0,ig5,0,sal5,0
and,and,s,topic_45,0,freq2,0,ig5,0,sal5,0
up,up,,topic_19,0,freq3,0,ig5,0,sal5,0
),),s
is,is,s,topic_22,0,freq2,0,ig5,0,sal5,0
also,also,s,topic_22,0,freq3,0,ig5,0,sal4,0
plenty,plenty,s,topic_22,0,freq5,0,ig5,0,sal4,0
aware,aware,s,topic_48,0,freq4,0,ig5,0,sal1,0
enough,enough,s,topic_20,0,freq4,0,ig5,0,sal3,0
to,to,s,topic_20,0,freq1,0,ig5,0,sal3,0
resent,resent,s,topic_3,0,freq5,0,ig5,0,sal5,0
having,having,s,topic_22,0,freq5,0,ig5,0,sal5,0
wasted,wasted,s,topic_45,0,freq4,0,ig5,0,sal3,0
the,the,s,topic_22,0,freq1,0,ig5,0,sal4,0
money,money,s,topic_45,0,freq4,0,ig5,0,sal5,0
on,on,s,topic_36,0,freq2,0,ig5,0,sal1,0
this,this,s,topic_42,0,freq1,0,ig5,0,sal2,0
drivel,drivel,,topic_45,0,freq5,0,ig1,0,sal3,0
.,.,s
I'd,i'd,s,topic_19,0,freq4,0,ig5,0,sal3,0
recommend,recommend,s,topic_19,0,freq4,0,ig5,0,sal3,0
that,that,s,topic_22,0,freq3,0,ig5,0,sal5,0
you,you,s,topic_42,0,freq1,0,ig5,0,sal1,0
go,go,s,topic_42,0,freq4,0,ig5,0,sal3,0
see,see,s,topic_19,0,freq3,0,ig5,0,sal5,0
something,something,s,topic_20,0,freq3,0,ig5,0,sal1,0
,,s
anything,anything,,topic_13,0,freq5,0,ig5,0,sal5,0
!,!,s
,,s
else,else,,topic_13,0,freq4,0,ig5,0,sal5,0
.,.,s
If,if,s,topic_42,0,freq2,0,ig5,0,sal2,0
the,the,s,topic_13,0,freq1,0,ig5,0,sal3,0
kids,kids,s,topic_10,0,freq5,0,ig5,0,sal5,0
insist,insist,,topic_27,0,freq4,0,ig5,0,sal4,0
",",",",s
be,be,s,topic_10,0,freq3,0,ig5,0,sal2,0
aware,aware,s,topic_48,0,freq4,0,ig5,0,sal1,0
that,that,s,topic_19,0,freq3,0,ig5,0,sal5,0
the,the,s,topic_36,0,freq1,0,ig5,0,sal3,0
fart,fart,s,topic_27,0,freq4,0,ig1,0,sal3,0
jokes,jokes,s,topic_45,0,freq4,0,ig5,0,sal3,0
are,are,s,topic_42,0,freq3,0,ig5,0,sal5,0
harmless,harmless,s,topic_15,0,freq4,0,ig5,0,sal2,0
and,and,s,topic_20,0,freq1,0,ig5,0,sal5,0
the,the,s,topic_10,0,freq1,0,ig5,0,sal2,0
violence,violence,s,topic_21,0,freq4,0,ig5,0,sal3,0
isn't,isn't,s,topic_45,0,freq4,0,ig5,0,sal5,0
graphic,graphic,,topic_42,0,freq5,0,ig5,0,sal5,0
.,.,s
The,the,s,topic_18,0,freq1,0,ig5,0,sal5,0
language,language,s,topic_25,0,freq1,0,ig5,0,sal1,0
does,does,s,topic_10,0,freq4,0,ig5,0,sal3,0
get,get,s,topic_20,0,freq3,0,ig5,0,sal2,0
rough,rough,s,topic_22,0,freq5,0,ig5,0,sal3,0
in,in,s,topic_22,0,freq2,0,ig5,0,sal2,0
places,places,,topic_10,0,freq5,0,ig5,0,sal3,0
",",",",s
though,though,,topic_21,0,freq4,0,ig5,0,sal5,0
",",",",s
so,so,s,topic_20,0,freq2,0,ig5,0,sal1,0
if,if,s,topic_13,0,freq3,0,ig5,0,sal5,0
you,you,s,topic_42,0,freq1,0,ig5,0,sal1,0
find,find,s,topic_13,0,freq4,0,ig5,0,sal5,0
that,that,s,topic_10,0,freq2,0,ig5,0,sal1,0
objectionable,objectionable,s,topic_10,0,freq5,0,ig5,0,sal5,0
you've,you've,s,topic_42,0,freq5,0,ig5,0,sal3,0
another,another,s,topic_10,0,freq4,0,ig5,0,sal4,0
good,good,s,topic_21,0,freq3,0,ig5,0,sal3,0
reason,reason,s,topic_45,0,freq4,0,ig5,0,sal5,0
to,to,s,topic_36,0,freq1,0,ig5,0,sal1,0
skip,skip,s,topic_27,0,freq4,0,ig5,0,sal5,0
The,the,s,topic_10,0,freq1,0,ig5,0,sal2,0
Man,man,s,topic_22,0,freq4,0,ig5,0,sal2,0
and,and,s,topic_36,0,freq2,0,ig5,0,sal5,0
hold,hold,s,topic_20,0,freq5,0,ig5,0,sal4,0
out,out,s,topic_42,0,freq3,0,ig5,0,sal5,0
for,for,s,topic_13,0,freq3,0,ig5,0,sal5,0
what,what,s,topic_20,0,freq2,0,ig5,0,sal1,0
we,we,s,topic_10,0,freq4,0,ig5,0,sal5,0
can,can,s,topic_20,0,freq3,0,ig5,0,sal3,0
hope,hope,s,topic_19,0,freq4,0,ig5,0,sal4,0
is,is,s,topic_22,0,freq2,0,ig5,0,sal5,0
a,a,s,topic_22,0,freq1,0,ig5,0,sal3,0
better,better,s,topic_10,0,freq4,0,ig5,0,sal3,0
week,week,s,topic_29,0,freq3,0,ig5,0,sal2,0
for,for,s,topic_22,0,freq3,0,ig5,0,sal3,0
movies,movies,s,topic_45,0,freq3,0,ig5,0,sal5,0
next,next,s,topic_42,0,freq5,0,ig5,0,sal4,0
week,week,,topic_19,0,freq5,0,ig5,0,sal3,0
.,.,
